num=100
lista=ContinuedFraction[E,num]
funcion[num]:=lista[[num]];
funcion[x_]:=lista[[x]]+(1/ funcion[x+1]);
funcion[1]



Total[IntegerDigits[6963524437876961749120273824619538346438023188214475670667]]

272
